0

00000000
00000000
00000000
00000000
00000000
00000000
00000000
00000000
00000000
00000000
00000000
00000000

A
00111100
00111100
11000011
11000011
11000011
11000011
11000011
11111111
11111111
11000011
11000011
11000011

B
11111100
11111111
11000011
11000011
11000011
11111100
11111111
11000011
11000011
11000011
11111111
11111100

C
00111100
11111111
11000011
11000000
11000000
11000000
11000000
11000000
11000000
11000011
11111111
00111100

D
11111100
11111111
11000011
11000011
11000011
11000011
11000011
11000011
11000011
11000011
11111111
11111100

E
11111111
11111111
11000000
11000000
11000000
11111111
11111111
11000000
11000000
11000000
11111111
11111111

F
11111111
11111111
11000000
11000000
11000000
11000000
11111111
11111111
11000000
11000000
11000000
11000000

G
00111111
11111111
11000000
11000000
11000000
11000000
11000000
11000011
11000011
11000011
11111111
00111111

H
11000011
11000011
11000011
11000011
11000011
11111111
11111111
11000011
11000011
11000011
11000011
11000011

I
11111111
11111111
00011000
00011000
00011000
00011000
00011000
00011000
00011000
00011000
11111111
11111111

J
00001111
00000011
00000011
00000011
00000011
00000011
00000011
00000011
11000011
11000011
11111111
00111100
