8 12
27

A
1
10
2 0
0 3
0 11
1 11
1 7
6 7
6 11
7 11
7 3
5 0

1
6
3 2
2 3
2 5
5 5
5 3
4 2

B
1
6
0 0
0 11
5 11
7 10
7 1
5 0

2
4
2 2
2 4
5 4
5 2

4
2 7
2 9
5 9
5 7

C
1
18
2 0
0 2
0 10
2 11
5 11
7 10
7 9
6 9
5 10
2 10
1 9
1 2
2 1
5 1
6 2
7 2
7 1
5 0
0

D
1
6
0 0
0 11
5 11
7 10
7 1
5 0
1
6
1 1
1 10
5 10
6 9
6 2
5 1

E
1
12
0 0
0 11
7 11
7 10
1 10
1 6
7 6
7 5
1 5
1 1
7 1
7 0
0

F
1
10
0 0
0 11
1 11
1 7
7 7
7 6
1 6
1 1
7 1
7 0
0

G
1
17
2 0
0 1
0 10
2 11
7 11
7 6
4 6
4 7
6 7
6 9
5 10
2 10
1 9
1 2
2 1
7 1
7 0
0

H
1
12
0 0
0 11
1 11
1 6
6 6
6 11
7 11
7 0
6 0
6 5
1 5
1 0
0

I
1
12
0 0
0 1
3 1
3 10
0 10
0 11
7 11
7 10
4 10
4 1
7 1
7 0
0

J
1
14
0 0
0 1
6 1
6 9
5 10
2 10
1 9
1 8
0 8
0 10
2 11
5 11
7 10
7 0
0

K
1
12
0 0
0 11
1 11
1 6
6 11
7 11
2 6
2 5
7 0
6 0
1 5
1 0
0

L
1
6
0 0
0 11
7 11
7 10
1 10
1 0
0

M
1
14
0 0
0 11
1 11
1 2
3 4
4 4
6 2
6 11
7 11
7 0
6 0
4 3
3 3
1 0
0

N
1
10
0 0
0 11
1 11
1 2
6 11
7 11
7 0
6 0
6 10
1 0
0

O
1
8
2 0
0 2
0 9
2 11
5 11
7 9
7 2
5 0
1
8
3 1
1 3
1 8
3 10
4 10
6 8
6 3 
4 1

P
1
8
0 0
0 11
1 11
1 6
5 6
7 4
7 2
5 0
1
4
2 2
2 4
5 4
5 2

Q
1
12
2 0
0 2
0 9
2 11
4 11
6 10
7 11
7 10
6 9
7 8
7 2
5 0
1
7
2 2
2 9
4 9
3 7
4 6
5 7
5 2

R
1
11
0 0
0 11
1 11
1 6
6 11
7 11
3 6
6 6
7 4
7 2
5 0
1
6
2 1
2 5
4 5
5 4
5 2
4 1


S
1
24
2 0
0 2
0 5
1 6
5 6
6 7
6 9
5 10
2 10
1 9
0 9
2 11
5 11
7 9
7 6
6 5
2 5
1 4
1 2
2 1
5 1
6 2
7 2
5 0
0

T
1
8
0 0
0 1
3 1
3 11
4 11
4 1
7 1
7 0
0

U
1
12
0 0
0 9
2 11
5 11
7 9
7 0
6 0
6 9
5 10
2 10
1 9
1 0
0

V
1
12
0 0
0 8
3 11
4 11
7 8
7 0
6 0
6 8
4 10
3 10
1 8
1 0
0

W
1
16
0 0
0 11
1 11
1 10
3 8
4 8
6 10
6 11
7 11
7 0
6 0
6 9
4 6
3 6
1 9
1 0
0

Y
1
10
0 0
3 4
3 11
4 11
4 4
7 0
6 0
4 3
3 3
1 0
0

Z
1
12
0 0
0 1
6 1
6 2
0 8
0 11
7 11
7 10
1 10
1 9
7 2
7 0
0

.
1
8
0 4
0 6
2 8
5 8
7 6
7 4
5 2
2 2
1
4
3 4
3 6
4 6
4 4

!
2
5
2 0
3 7
4 7
5 0
6
3 9
2 10
3 11
4 11
5 10
4 9
0
