0000000110000000000000011100000000000000
0000000011100000000000013110000000000000
0000000011110000100000111131000000000000
0000000001311100110000111111100000000000
0000000001331100011101111133100000000000
0000000000131110001111111133100000000000
0000000000131110002111111133110000000000
0000000000132110002211331331310000000000
0000000000112210022211331333310000000000
0000000100112231022211331333310000000000
0000001100112231221111312313310000000000
0000011110112233221111112113110111111000
0000011311122111321111122113131122100000
0000021311121111111111121113131222000000
1000023333312111111122221111131220000000
1100022333112222111222333111331220000000
1110002133332222332211133333311221000000
1111111113111223333222113333111121000000
0013333313317777755571111111111121000000
0001111155666667755577666661333220000000
0000111155666667777777766666652210000000
0000015455667777667666776766652100000000
0000005455667766667666677766654000000000
0000055455666766767666677666554000000000
0000555445566666777777666666544000000000
0000555545555666666666666555545500000000
0000555544555555666666655554445500000000
0000544444445555555555555544555500000000
0000545555544455555555555444555000000000
0000545555555444444444444454555000000000
0000045555544455555544555554450000000000
0000055555445555554445555555440000000000
0000005555545555554555555555500000000000
0000000055544555554444555555000000000000
0000000000054555555554455500000000000000
0000000000000055555555545000000000000000
0000000000000000000000000000000000000000
0000000000000000000000000000000000000000
0000000000000000000000000000000000000000
0000000000000000000000000000000000000000
