000000000000000000000000000000000000000000000000000000000000000
000000000000000000000000000000000000000000000000000000000000000
000000000000000000000000000000000000000000000000000000000000000
000000000000000000000000000000000000000000000000000000000000000
000000000000000000100000000000000000000000000100000000000000000
000000000000000001210000000000000000000000001410000000000000000
000000000000000001221000000000000000000000014410000000000000000
000000000000000012215100000000000000000000151441000000000000000
000000000000000012215510000000000000000001551441000000000000000
000000000000000012215510000000110110000001551441000000000000000
000000000000000012215551000001551551000015551441000000000000000
000000000000001111111551000001555551000015511111110000000000000
001111100001112222222111000001555551000011144444441110000111110
012222211112222222222221000000155510000014444444444441111444441
011112222122222211122222100000011100000144444111444444144441111
015551121222222221312222210000000000001444441314444444414115551
015555512222222222131222210000000000001444413144444444441555551
001555512222221122131222221000000000014444413144114444441555510
001555512222221311331222221000000000014444413311314444441555510
000155122222222133312222221000000000014444441333144444444155100
000155122222222211122222221000000000014444444111444444444155100
000015122222222222222222222100000000144444444444444444444151000
000001122222222222222222222100000000144444444444444444444110000
000000122222222222222222222100000000144444444444444444444100000
000000122222222222222222112210000001441144444444444444444100000
000000122222222222212222112211100111441144441444444444444100000
000000122222112222222222222210000001444444444444441144444100000
000000122222112222212222222211000011444444441444441144444100000
000001111222222222121222222210100101444444115114444444411110000
000000010122222222222222222100000000144444415144444444141000000
000000001222222222222222221000000000014444441444444444410000000
000000110122222222222222110000000000001144444444444444101100000
000000000011222222222111000000000000000011144444444411000000000
000000000000111222211000000000000000000000011444411100000000000
000000000001222222222100000000000000000000144444444410000000000
000000000001222222222100000000000000000000144444444410000000000
000000000001222222222100000000000000000000144444444410000000000


x = 63
y = 37
