000000000000000000000000000000000000
000000000000000000000000000000000000
000000000000000000000000000000000000
000000000000001110000000000000000000
000000100010111111000101111000000000
000100110001112222101212332100000000
000110121011122211211123333210000000
000011111111123232112232111210000000
000112211221122333211212221110001100
001212122232213333221122211110111000
000111112333133333211212112211210000
000111223333333332111111223221100100
000112223333332333212222133321111000
000012221233312212211233213321131000
001101212233312123312123321211310000
013310112333331122331312321113310000
001221122333321122332311211111111000
000112212223211112221222111132332110
000122322321122211112232211223211000
001223233312221322113333311121110000
001223233122313333212333312332100000
001122323123323333322133323333211100
001112233223333333321112333233210000
001123333223333233333231233312210000
001233223112332133333333232112100000
000121122233221233333333223211110000
000011221333311233333233233321100000
000013321233311123332133333321000000
000012331122221112221133221211000000
000001222111111221111222211110000000
000000111112112332101122110000000000
000000000011223321100111100000000000
000000000001122111000000000000000000
000000000000011000000000000000000000
000000000000010000000000000000000000
